        TIME,    TIDE,      OB,   SURGE,    BIAS,     TWL,SURGE90p,  TWL90p,SURGE10p,   TWL10p
202604120600,   1.311,   1.649,   0.000,   0.338,   1.649,  -0.100,   1.549,   0.000,   1.649
202604120606,   1.404,9999.000,9999.000,9999.000,9999.000,9999.000,9999.000,9999.000,9999.000
202604120612,   1.504,   1.859,9999.000,9999.000,9999.000,9999.000,9999.000,9999.000,9999.000
202604120618,   1.609,9999.000,9999.000,9999.000,9999.000,9999.000,9999.000,9999.000,9999.000
202604120624,   1.719,   2.069,9999.000,9999.000,9999.000,9999.000,9999.000,9999.000,9999.000
202604120630,   1.833,9999.000,9999.000,9999.000,9999.000,9999.000,9999.000,9999.000,9999.000
202604120636,   1.952,   2.309,9999.000,9999.000,9999.000,9999.000,9999.000,9999.000,9999.000
202604120642,   2.073,9999.000,9999.000,9999.000,9999.000,9999.000,9999.000,9999.000,9999.000
202604120648,   2.198,   2.528,9999.000,9999.000,9999.000,9999.000,9999.000,9999.000,9999.000
202604120654,   2.324,9999.000,9999.000,9999.000,9999.000,9999.000,9999.000,9999.000,9999.000
202604120700,   2.452,   2.778,   0.000,   0.326,   2.778,  -0.100,   2.678,   0.000,   2.778
202604120706,   2.581,   2.909,9999.000,9999.000,9999.000,9999.000,9999.000,9999.000,9999.000
202604120712,   2.710,   3.040,9999.000,9999.000,9999.000,9999.000,9999.000,9999.000,9999.000
202604120718,   2.838,   3.158,9999.000,9999.000,9999.000,9999.000,9999.000,9999.000,9999.000
202604120724,   2.966,   3.279,9999.000,9999.000,9999.000,9999.000,9999.000,9999.000,9999.000
202604120730,   3.091,   3.398,9999.000,9999.000,9999.000,9999.000,9999.000,9999.000,9999.000
202604120736,   3.215,   3.499,9999.000,9999.000,9999.000,9999.000,9999.000,9999.000,9999.000
202604120742,   3.336,   3.598,9999.000,9999.000,9999.000,9999.000,9999.000,9999.000,9999.000
202604120748,   3.454,   3.699,9999.000,9999.000,9999.000,9999.000,9999.000,9999.000,9999.000
202604120754,   3.568,   3.808,9999.000,9999.000,9999.000,9999.000,9999.000,9999.000,9999.000
202604120800,   3.679,   3.899,   0.000,   0.220,   3.899,  -0.100,   3.799,   0.000,   3.899
202604120806,   3.786,   3.998,9999.000,9999.000,9999.000,9999.000,9999.000,9999.000,9999.000
202604120812,   3.889,   4.090,9999.000,9999.000,9999.000,9999.000,9999.000,9999.000,9999.000
202604120818,   3.987,   4.178,9999.000,9999.000,9999.000,9999.000,9999.000,9999.000,9999.000
202604120824,   4.082,   4.267,9999.000,9999.000,9999.000,9999.000,9999.000,9999.000,9999.000
202604120830,   4.171,   4.359,9999.000,9999.000,9999.000,9999.000,9999.000,9999.000,9999.000
202604120836,   4.257,   4.447,9999.000,9999.000,9999.000,9999.000,9999.000,9999.000,9999.000
202604120842,   4.338,   4.539,9999.000,9999.000,9999.000,9999.000,9999.000,9999.000,9999.000
202604120848,   4.415,   4.618,9999.000,9999.000,9999.000,9999.000,9999.000,9999.000,9999.000
202604120854,   4.488,   4.700,9999.000,9999.000,9999.000,9999.000,9999.000,9999.000,9999.000
202604120900,   4.557,   4.778,   0.000,   0.221,   4.778,  -0.100,   4.678,   0.000,   4.778
202604120906,   4.622,   4.847,9999.000,9999.000,9999.000,9999.000,9999.000,9999.000,9999.000
202604120912,   4.684,   4.929,9999.000,9999.000,9999.000,9999.000,9999.000,9999.000,9999.000
202604120918,   4.742,   4.998,9999.000,9999.000,9999.000,9999.000,9999.000,9999.000,9999.000
202604120924,   4.796,   5.057,9999.000,9999.000,9999.000,9999.000,9999.000,9999.000,9999.000
202604120930,   4.848,   5.129,9999.000,9999.000,9999.000,9999.000,9999.000,9999.000,9999.000
202604120936,   4.896,   5.179,9999.000,9999.000,9999.000,9999.000,9999.000,9999.000,9999.000
202604120942,   4.941,   5.218,9999.000,9999.000,9999.000,9999.000,9999.000,9999.000,9999.000
202604120948,   4.982,   5.277,9999.000,9999.000,9999.000,9999.000,9999.000,9999.000,9999.000
202604120954,   5.021,   5.329,9999.000,9999.000,9999.000,9999.000,9999.000,9999.000,9999.000
202604121000,   5.056,   5.369,   0.000,   0.313,   5.369,  -0.100,   5.269,   0.000,   5.369
202604121006,   5.088,   5.408,9999.000,9999.000,9999.000,9999.000,9999.000,9999.000,9999.000
202604121012,   5.116,   5.438,9999.000,9999.000,9999.000,9999.000,9999.000,9999.000,9999.000
202604121018,   5.141,   5.477,9999.000,9999.000,9999.000,9999.000,9999.000,9999.000,9999.000
202604121024,   5.162,   5.507,9999.000,9999.000,9999.000,9999.000,9999.000,9999.000,9999.000
202604121030,   5.179,   5.539,9999.000,9999.000,9999.000,9999.000,9999.000,9999.000,9999.000
202604121036,   5.191,   5.559,9999.000,9999.000,9999.000,9999.000,9999.000,9999.000,9999.000
202604121042,   5.199,   5.579,9999.000,9999.000,9999.000,9999.000,9999.000,9999.000,9999.000
202604121048,   5.203,   5.579,9999.000,9999.000,9999.000,9999.000,9999.000,9999.000,9999.000
202604121054,   5.201,   5.589,9999.000,9999.000,9999.000,9999.000,9999.000,9999.000,9999.000
202604121100,   5.195,   5.608,   0.000,   0.413,   5.608,  -0.100,   5.508,   0.000,   5.608
202604121106,   5.183,   5.589,9999.000,9999.000,9999.000,9999.000,9999.000,9999.000,9999.000
202604121112,   5.165,   5.589,9999.000,9999.000,9999.000,9999.000,9999.000,9999.000,9999.000
202604121118,   5.142,   5.559,9999.000,9999.000,9999.000,9999.000,9999.000,9999.000,9999.000
202604121124,   5.114,   5.549,9999.000,9999.000,9999.000,9999.000,9999.000,9999.000,9999.000
202604121130,   5.079,   5.516,9999.000,9999.000,9999.000,9999.000,9999.000,9999.000,9999.000
202604121136,   5.039,   5.497,9999.000,9999.000,9999.000,9999.000,9999.000,9999.000,9999.000
202604121142,   4.993,   5.448,9999.000,9999.000,9999.000,9999.000,9999.000,9999.000,9999.000
202604121148,   4.941,   5.408,9999.000,9999.000,9999.000,9999.000,9999.000,9999.000,9999.000
202604121154,   4.884,   5.359,9999.000,9999.000,9999.000,9999.000,9999.000,9999.000,9999.000
202604121200,   4.821,   5.307,   0.000,   0.486,   5.307,   0.000,   5.307,   0.000,   5.307
202604121206,   4.753,   5.247,9999.000,9999.000,9999.000,9999.000,9999.000,9999.000,9999.000
202604121212,   4.679,   5.179,9999.000,9999.000,9999.000,9999.000,9999.000,9999.000,9999.000
202604121218,   4.601,   5.110,9999.000,9999.000,9999.000,9999.000,9999.000,9999.000,9999.000
202604121224,   4.517,   5.028,9999.000,9999.000,9999.000,9999.000,9999.000,9999.000,9999.000
202604121230,   4.430,   4.969,9999.000,9999.000,9999.000,9999.000,9999.000,9999.000,9999.000
202604121236,   4.338,   4.887,9999.000,9999.000,9999.000,9999.000,9999.000,9999.000,9999.000
202604121242,   4.242,   4.798,9999.000,9999.000,9999.000,9999.000,9999.000,9999.000,9999.000
202604121248,   4.143,   4.719,9999.000,9999.000,9999.000,9999.000,9999.000,9999.000,9999.000
202604121254,   4.041,   4.618,9999.000,9999.000,9999.000,9999.000,9999.000,9999.000,9999.000
202604121300,   3.936,   4.529,   0.000,   0.593,   4.529,   0.000,   4.529,   0.000,   4.529
202604121306,   3.829,   4.447,9999.000,9999.000,9999.000,9999.000,9999.000,9999.000,9999.000
202604121312,   3.720,   4.359,9999.000,9999.000,9999.000,9999.000,9999.000,9999.000,9999.000
202604121318,   3.609,   4.267,9999.000,9999.000,9999.000,9999.000,9999.000,9999.000,9999.000
202604121324,   3.497,   4.178,9999.000,9999.000,9999.000,9999.000,9999.000,9999.000,9999.000
202604121330,   3.384,   4.099,9999.000,9999.000,9999.000,9999.000,9999.000,9999.000,9999.000
202604121336,   3.271,   3.998,9999.000,9999.000,9999.000,9999.000,9999.000,9999.000,9999.000
202604121342,   3.158,   3.899,9999.000,9999.000,9999.000,9999.000,9999.000,9999.000,9999.000
202604121348,   3.045,   3.808,9999.000,9999.000,9999.000,9999.000,9999.000,9999.000,9999.000
202604121354,   2.933,   3.719,9999.000,9999.000,9999.000,9999.000,9999.000,9999.000,9999.000
202604121400,   2.823,   3.627,   0.000,   0.804,   3.627,   0.000,   3.627,   0.000,   3.627
202604121406,   2.714,   3.529,9999.000,9999.000,9999.000,9999.000,9999.000,9999.000,9999.000
202604121412,   2.606,   3.440,9999.000,9999.000,9999.000,9999.000,9999.000,9999.000,9999.000
202604121418,   2.501,   3.339,9999.000,9999.000,9999.000,9999.000,9999.000,9999.000,9999.000
202604121424,   2.398,   3.240,9999.000,9999.000,9999.000,9999.000,9999.000,9999.000,9999.000
202604121430,   2.298,   3.138,9999.000,9999.000,9999.000,9999.000,9999.000,9999.000,9999.000
202604121436,   2.201,   3.040,9999.000,9999.000,9999.000,9999.000,9999.000,9999.000,9999.000
202604121442,   2.107,   2.929,9999.000,9999.000,9999.000,9999.000,9999.000,9999.000,9999.000
202604121448,   2.015,   2.840,9999.000,9999.000,9999.000,9999.000,9999.000,9999.000,9999.000
202604121454,   1.927,   2.758,9999.000,9999.000,9999.000,9999.000,9999.000,9999.000,9999.000
202604121500,   1.842,   2.660,   0.000,   0.818,   2.660,   0.000,   2.660,   0.000,   2.660
202604121506,   1.760,   2.568,9999.000,9999.000,9999.000,9999.000,9999.000,9999.000,9999.000
202604121512,   1.681,   2.479,9999.000,9999.000,9999.000,9999.000,9999.000,9999.000,9999.000
202604121518,   1.605,   2.387,9999.000,9999.000,9999.000,9999.000,9999.000,9999.000,9999.000
202604121524,   1.531,   2.299,9999.000,9999.000,9999.000,9999.000,9999.000,9999.000,9999.000
202604121530,   1.461,   2.210,9999.000,9999.000,9999.000,9999.000,9999.000,9999.000,9999.000
202604121536,   1.393,   2.118,9999.000,9999.000,9999.000,9999.000,9999.000,9999.000,9999.000
202604121542,   1.327,   2.030,9999.000,9999.000,9999.000,9999.000,9999.000,9999.000,9999.000
202604121548,   1.264,   1.948,9999.000,9999.000,9999.000,9999.000,9999.000,9999.000,9999.000
202604121554,   1.203,   1.879,9999.000,9999.000,9999.000,9999.000,9999.000,9999.000,9999.000
202604121600,   1.144,   1.810,   0.000,   0.666,   1.810,   0.000,   1.810,   0.000,   1.810
202604121606,   1.087,   1.728,9999.000,9999.000,9999.000,9999.000,9999.000,9999.000,9999.000
202604121612,   1.033,   1.659,9999.000,9999.000,9999.000,9999.000,9999.000,9999.000,9999.000
202604121618,   0.980,   1.600,9999.000,9999.000,9999.000,9999.000,9999.000,9999.000,9999.000
202604121624,   0.930,   1.528,9999.000,9999.000,9999.000,9999.000,9999.000,9999.000,9999.000
202604121630,   0.882,   1.469,9999.000,9999.000,9999.000,9999.000,9999.000,9999.000,9999.000
202604121636,   0.837,   1.400,9999.000,9999.000,9999.000,9999.000,9999.000,9999.000,9999.000
202604121642,   0.795,   1.348,9999.000,9999.000,9999.000,9999.000,9999.000,9999.000,9999.000
202604121648,   0.756,   1.289,9999.000,9999.000,9999.000,9999.000,9999.000,9999.000,9999.000
202604121654,   0.720,   1.239,9999.000,9999.000,9999.000,9999.000,9999.000,9999.000,9999.000
202604121700,   0.689,   1.200,   0.000,   0.511,   1.200,   0.000,   1.200,   0.000,   1.200
202604121706,   0.662,   1.161,9999.000,9999.000,9999.000,9999.000,9999.000,9999.000,9999.000
202604121712,   0.640,   1.118,9999.000,9999.000,9999.000,9999.000,9999.000,9999.000,9999.000
202604121718,   0.624,   1.088,9999.000,9999.000,9999.000,9999.000,9999.000,9999.000,9999.000
202604121724,   0.614,   1.069,9999.000,9999.000,9999.000,9999.000,9999.000,9999.000,9999.000
202604121730,   0.610,   1.049,9999.000,9999.000,9999.000,9999.000,9999.000,9999.000,9999.000
202604121736,   0.612,   1.039,9999.000,9999.000,9999.000,9999.000,9999.000,9999.000,9999.000
202604121742,   0.622,   1.049,9999.000,9999.000,9999.000,9999.000,9999.000,9999.000,9999.000
202604121748,   0.639,   1.069,9999.000,9999.000,9999.000,9999.000,9999.000,9999.000,9999.000
202604121754,   0.664,   1.098,9999.000,9999.000,9999.000,9999.000,9999.000,9999.000,9999.000
202604121800,   0.697,   1.138,   0.100,   0.341,   1.138,   0.000,   1.038,   0.100,   1.138
202604121806,   0.737,   1.190,9999.000,9999.000,9999.000,9999.000,9999.000,9999.000,9999.000
202604121812,   0.785,   1.249,9999.000,9999.000,9999.000,9999.000,9999.000,9999.000,9999.000
202604121818,   0.841,   1.308,9999.000,9999.000,9999.000,9999.000,9999.000,9999.000,9999.000
202604121824,   0.904,   1.400,9999.000,9999.000,9999.000,9999.000,9999.000,9999.000,9999.000
202604121830,   0.975,   1.479,9999.000,9999.000,9999.000,9999.000,9999.000,9999.000,9999.000
202604121836,   1.052,   1.590,9999.000,9999.000,9999.000,9999.000,9999.000,9999.000,9999.000
202604121842,   1.136,   1.689,9999.000,9999.000,9999.000,9999.000,9999.000,9999.000,9999.000
202604121848,   1.227,   1.800,9999.000,9999.000,9999.000,9999.000,9999.000,9999.000,9999.000
202604121854,   1.322,   1.899,9999.000,9999.000,9999.000,9999.000,9999.000,9999.000,9999.000
202604121900,   1.423,   2.000,   0.100,   0.477,   2.000,   0.000,   1.900,   0.200,   2.100
202604121906,   1.528,   2.109,9999.000,9999.000,9999.000,9999.000,9999.000,9999.000,9999.000
202604121912,   1.637,   2.220,9999.000,9999.000,9999.000,9999.000,9999.000,9999.000,9999.000
202604121918,   1.749,   2.328,9999.000,9999.000,9999.000,9999.000,9999.000,9999.000,9999.000
202604121924,   1.864,   2.440,9999.000,9999.000,9999.000,9999.000,9999.000,9999.000,9999.000
202604121930,   1.981,   2.538,9999.000,9999.000,9999.000,9999.000,9999.000,9999.000,9999.000
202604121936,   2.099,   2.660,9999.000,9999.000,9999.000,9999.000,9999.000,9999.000,9999.000
202604121942,   2.217,   2.778,9999.000,9999.000,9999.000,9999.000,9999.000,9999.000,9999.000
202604121948,   2.336,   2.889,9999.000,9999.000,9999.000,9999.000,9999.000,9999.000,9999.000
202604121954,   2.455,   3.017,9999.000,9999.000,9999.000,9999.000,9999.000,9999.000,9999.000
202604122000,   2.572,   3.129,   0.200,   0.357,   3.129,   0.100,   3.029,   0.200,   3.129
202604122006,   2.688,   3.260,9999.000,9999.000,9999.000,9999.000,9999.000,9999.000,9999.000
202604122012,   2.803,   3.378,9999.000,9999.000,9999.000,9999.000,9999.000,9999.000,9999.000
202604122018,   2.915,   3.480,9999.000,9999.000,9999.000,9999.000,9999.000,9999.000,9999.000
202604122024,   3.025,   3.588,9999.000,9999.000,9999.000,9999.000,9999.000,9999.000,9999.000
202604122030,   3.132,   3.680,9999.000,9999.000,9999.000,9999.000,9999.000,9999.000,9999.000
202604122036,   3.237,   3.778,9999.000,9999.000,9999.000,9999.000,9999.000,9999.000,9999.000
202604122042,   3.338,   3.890,9999.000,9999.000,9999.000,9999.000,9999.000,9999.000,9999.000
202604122048,   3.436,   3.978,9999.000,9999.000,9999.000,9999.000,9999.000,9999.000,9999.000
202604122054,   3.531,   4.080,9999.000,9999.000,9999.000,9999.000,9999.000,9999.000,9999.000
202604122100,   3.623,   4.168,   0.200,   0.345,   4.168,   0.100,   4.068,   0.200,   4.168
202604122106,   3.712,   4.280,9999.000,9999.000,9999.000,9999.000,9999.000,9999.000,9999.000
202604122112,   3.797,   4.368,9999.000,9999.000,9999.000,9999.000,9999.000,9999.000,9999.000
202604122118,   3.880,   4.457,9999.000,9999.000,9999.000,9999.000,9999.000,9999.000,9999.000
202604122124,   3.959,   4.539,9999.000,9999.000,9999.000,9999.000,9999.000,9999.000,9999.000
202604122130,   4.036,   4.637,9999.000,9999.000,9999.000,9999.000,9999.000,9999.000,9999.000
202604122136,   4.110,   4.729,9999.000,9999.000,9999.000,9999.000,9999.000,9999.000,9999.000
202604122142,   4.181,   4.818,9999.000,9999.000,9999.000,9999.000,9999.000,9999.000,9999.000
202604122148,   4.249,   4.877,9999.000,9999.000,9999.000,9999.000,9999.000,9999.000,9999.000
202604122154,   4.315,   4.959,9999.000,9999.000,9999.000,9999.000,9999.000,9999.000,9999.000
202604122200,   4.378,   5.028,   0.200,   0.450,   5.028,   0.100,   4.928,   0.300,   5.128
202604122206,   4.439,   5.097,9999.000,9999.000,9999.000,9999.000,9999.000,9999.000,9999.000
202604122212,   4.496,   5.149,9999.000,9999.000,9999.000,9999.000,9999.000,9999.000,9999.000
202604122218,   4.551,   5.208,9999.000,9999.000,9999.000,9999.000,9999.000,9999.000,9999.000
202604122224,   4.603,   5.267,9999.000,9999.000,9999.000,9999.000,9999.000,9999.000,9999.000
202604122230,   4.652,   5.320,9999.000,9999.000,9999.000,9999.000,9999.000,9999.000,9999.000
202604122236,   4.697,   5.369,9999.000,9999.000,9999.000,9999.000,9999.000,9999.000,9999.000
202604122242,   4.738,   5.398,9999.000,9999.000,9999.000,9999.000,9999.000,9999.000,9999.000
202604122248,   4.776,   5.438,9999.000,9999.000,9999.000,9999.000,9999.000,9999.000,9999.000
202604122254,   4.810,   5.487,9999.000,9999.000,9999.000,9999.000,9999.000,9999.000,9999.000
202604122300,   4.839,   5.507,   0.200,   0.468,   5.507,   0.100,   5.407,   0.300,   5.607
202604122306,   4.864,   5.530,9999.000,9999.000,9999.000,9999.000,9999.000,9999.000,9999.000
202604122312,   4.884,   5.569,9999.000,9999.000,9999.000,9999.000,9999.000,9999.000,9999.000
202604122318,   4.898,   5.589,9999.000,9999.000,9999.000,9999.000,9999.000,9999.000,9999.000
202604122324,   4.907,   5.598,9999.000,9999.000,9999.000,9999.000,9999.000,9999.000,9999.000
202604122330,   4.911,   5.598,9999.000,9999.000,9999.000,9999.000,9999.000,9999.000,9999.000
202604122336,   4.908,   5.608,9999.000,9999.000,9999.000,9999.000,9999.000,9999.000,9999.000
202604122342,   4.899,   5.608,9999.000,9999.000,9999.000,9999.000,9999.000,9999.000,9999.000
202604122348,   4.884,   5.598,9999.000,9999.000,9999.000,9999.000,9999.000,9999.000,9999.000
202604122354,   4.862,   5.589,9999.000,9999.000,9999.000,9999.000,9999.000,9999.000,9999.000
202604130000,   4.834,   5.569,   0.300,   0.435,   5.569,   0.200,   5.469,   0.400,   5.669
202604130006,   4.799,   5.539,9999.000,9999.000,9999.000,9999.000,9999.000,9999.000,9999.000
202604130012,   4.757,   5.516,9999.000,9999.000,9999.000,9999.000,9999.000,9999.000,9999.000
202604130018,   4.709,   5.477,9999.000,9999.000,9999.000,9999.000,9999.000,9999.000,9999.000
202604130024,   4.655,   5.438,9999.000,9999.000,9999.000,9999.000,9999.000,9999.000,9999.000
202604130030,   4.594,   5.418,9999.000,9999.000,9999.000,9999.000,9999.000,9999.000,9999.000
202604130036,   4.527,   5.369,9999.000,9999.000,9999.000,9999.000,9999.000,9999.000,9999.000
202604130042,   4.454,   5.297,9999.000,9999.000,9999.000,9999.000,9999.000,9999.000,9999.000
202604130048,   4.375,   5.238,9999.000,9999.000,9999.000,9999.000,9999.000,9999.000,9999.000
202604130054,   4.291,   5.149,9999.000,9999.000,9999.000,9999.000,9999.000,9999.000,9999.000
202604130100,   4.202,   5.077,   0.300,   0.575,   5.077,   0.200,   4.977,   0.400,   5.177
202604130106,   4.107,   4.998,9999.000,9999.000,9999.000,9999.000,9999.000,9999.000,9999.000
202604130112,   4.009,   4.919,9999.000,9999.000,9999.000,9999.000,9999.000,9999.000,9999.000
202604130118,   3.907,   4.837,9999.000,9999.000,9999.000,9999.000,9999.000,9999.000,9999.000
202604130124,   3.801,   4.739,9999.000,9999.000,9999.000,9999.000,9999.000,9999.000,9999.000
202604130130,   3.691,   4.637,9999.000,9999.000,9999.000,9999.000,9999.000,9999.000,9999.000
202604130136,   3.580,   4.539,9999.000,9999.000,9999.000,9999.000,9999.000,9999.000,9999.000
202604130142,   3.466,   4.457,9999.000,9999.000,9999.000,9999.000,9999.000,9999.000,9999.000
202604130148,   3.350,   4.378,9999.000,9999.000,9999.000,9999.000,9999.000,9999.000,9999.000
202604130154,   3.233,   4.290,9999.000,9999.000,9999.000,9999.000,9999.000,9999.000,9999.000
202604130200,   3.115,   4.188,   0.300,   0.773,   4.188,   0.200,   4.088,   0.400,   4.288
202604130206,   2.997,   4.109,9999.000,9999.000,9999.000,9999.000,9999.000,9999.000,9999.000
202604130212,   2.879,   4.027,9999.000,9999.000,9999.000,9999.000,9999.000,9999.000,9999.000
202604130218,   2.761,   3.949,9999.000,9999.000,9999.000,9999.000,9999.000,9999.000,9999.000
202604130224,   2.645,   3.860,9999.000,9999.000,9999.000,9999.000,9999.000,9999.000,9999.000
202604130230,   2.530,   3.768,9999.000,9999.000,9999.000,9999.000,9999.000,9999.000,9999.000
202604130236,   2.417,   3.680,9999.000,9999.000,9999.000,9999.000,9999.000,9999.000,9999.000
202604130242,   2.307,   3.578,9999.000,9999.000,9999.000,9999.000,9999.000,9999.000,9999.000
202604130248,   2.199,   3.480,9999.000,9999.000,9999.000,9999.000,9999.000,9999.000,9999.000
202604130254,   2.095,   3.378,9999.000,9999.000,9999.000,9999.000,9999.000,9999.000,9999.000
202604130300,   1.993,   3.279,   0.300,   0.986,   3.279,   0.200,   3.179,   0.400,   3.379
202604130306,   1.895,   3.168,9999.000,9999.000,9999.000,9999.000,9999.000,9999.000,9999.000
202604130312,   1.800,   3.070,9999.000,9999.000,9999.000,9999.000,9999.000,9999.000,9999.000
202604130318,   1.710,   2.958,9999.000,9999.000,9999.000,9999.000,9999.000,9999.000,9999.000
202604130324,   1.623,   2.850,9999.000,9999.000,9999.000,9999.000,9999.000,9999.000,9999.000
202604130330,   1.539,   2.748,9999.000,9999.000,9999.000,9999.000,9999.000,9999.000,9999.000
202604130336,   1.460,   2.650,9999.000,9999.000,9999.000,9999.000,9999.000,9999.000,9999.000
202604130342,   1.384,   2.548,9999.000,9999.000,9999.000,9999.000,9999.000,9999.000,9999.000
202604130348,   1.312,   2.450,9999.000,9999.000,9999.000,9999.000,9999.000,9999.000,9999.000
202604130354,   1.244,   2.358,9999.000,9999.000,9999.000,9999.000,9999.000,9999.000,9999.000
202604130400,   1.179,   2.269,   0.300,   0.790,   2.269,   0.200,   2.169,   0.400,   2.369
202604130406,   1.117,   2.168,9999.000,9999.000,9999.000,9999.000,9999.000,9999.000,9999.000
202604130412,   1.059,   2.079,9999.000,9999.000,9999.000,9999.000,9999.000,9999.000,9999.000
202604130418,   1.003,   2.010,9999.000,9999.000,9999.000,9999.000,9999.000,9999.000,9999.000
202604130424,   0.951,   1.918,9999.000,9999.000,9999.000,9999.000,9999.000,9999.000,9999.000
202604130430,   0.902,   1.840,9999.000,9999.000,9999.000,9999.000,9999.000,9999.000,9999.000
202604130436,   0.855,   1.758,9999.000,9999.000,9999.000,9999.000,9999.000,9999.000,9999.000
202604130442,   0.812,   1.699,9999.000,9999.000,9999.000,9999.000,9999.000,9999.000,9999.000
202604130448,   0.771,   1.630,9999.000,9999.000,9999.000,9999.000,9999.000,9999.000,9999.000
202604130454,   0.734,   1.557,9999.000,9999.000,9999.000,9999.000,9999.000,9999.000,9999.000
202604130500,   0.700,   1.498,   0.400,   0.398,   1.498,   0.300,   1.398,   0.400,   1.498
202604130506,   0.670,   1.439,9999.000,9999.000,9999.000,9999.000,9999.000,9999.000,9999.000
202604130512,   0.644,   1.390,9999.000,9999.000,9999.000,9999.000,9999.000,9999.000,9999.000
202604130518,   0.622,   1.338,9999.000,9999.000,9999.000,9999.000,9999.000,9999.000,9999.000
202604130524,   0.605,   1.289,9999.000,9999.000,9999.000,9999.000,9999.000,9999.000,9999.000
202604130530,   0.593,   1.259,9999.000,9999.000,9999.000,9999.000,9999.000,9999.000,9999.000
202604130536,   0.586,   1.220,9999.000,9999.000,9999.000,9999.000,9999.000,9999.000,9999.000
202604130542,   0.584,   1.200,9999.000,9999.000,9999.000,9999.000,9999.000,9999.000,9999.000
202604130548,   0.590,   1.180,9999.000,9999.000,9999.000,9999.000,9999.000,9999.000,9999.000
202604130554,   0.601,   1.161,9999.000,9999.000,9999.000,9999.000,9999.000,9999.000,9999.000
202604130600,   0.620,   1.170,   0.500,   0.050,   1.170,   0.400,   1.070,   0.500,   1.170
202604130606,   0.646,   1.180,9999.000,9999.000,9999.000,9999.000,9999.000,9999.000,9999.000
202604130612,   0.679,   1.210,9999.000,9999.000,9999.000,9999.000,9999.000,9999.000,9999.000
202604130618,   0.720,   1.239,9999.000,9999.000,9999.000,9999.000,9999.000,9999.000,9999.000
202604130624,   0.769,   1.289,9999.000,9999.000,9999.000,9999.000,9999.000,9999.000,9999.000
202604130630,   0.825,   1.380,9999.000,9999.000,9999.000,9999.000,9999.000,9999.000,9999.000
202604130636,   0.890,   1.469,9999.000,9999.000,9999.000,9999.000,9999.000,9999.000,9999.000
202604130642,   0.962,   1.548,9999.000,9999.000,9999.000,9999.000,9999.000,9999.000,9999.000
202604130648,   1.041,   1.630,9999.000,9999.000,9999.000,9999.000,9999.000,9999.000,9999.000
